Preliminary Day-ahead Scheduling Reserve Summary
Month:,"July, 2012" ,Report Creation Timestamp (EPT):, 03/05/2013 11:54:03 AM
EPT Hour Ending,GMT Hour Ending,DASRMCP ($/MWh),Total PJM RT Load (MWh),Total PJM Cleared DASR MWh,Total PJM DASR Credits ($),Total PJM Adjusted DASR Obligation (MWh)
07/01/2012 01,07/01/2012 05,.000,86887.582000,5602.000,.00,5602.000
07/01/2012 02,07/01/2012 06,.000,81396.546000,5940.800,.00,5940.800
07/01/2012 03,07/01/2012 07,.000,77329.280000,6056.800,.00,6056.800
07/01/2012 04,07/01/2012 08,.000,74064.699000,6206.800,.00,6206.800
07/01/2012 05,07/01/2012 09,.000,72205.239000,6206.800,.00,6206.800
07/01/2012 06,07/01/2012 10,.000,71222.284000,6206.800,.00,6206.800
07/01/2012 07,07/01/2012 11,.000,70687.586000,6116.800,.00,6116.800
07/01/2012 08,07/01/2012 12,.000,74877.590000,6116.800,.00,6116.800
07/01/2012 09,07/01/2012 13,.000,82811.592000,6606.400,.00,6606.400
07/01/2012 10,07/01/2012 14,.000,92120.295000,6063.800,.00,6063.800
07/01/2012 11,07/01/2012 15,.000,100617.022000,6500.700,.00,6500.700
07/01/2012 12,07/01/2012 16,.020,107974.972000,6556.300,131.14,6556.300
07/01/2012 13,07/01/2012 17,.020,113571.471000,6581.300,131.66,6581.300
07/01/2012 14,07/01/2012 18,.250,116496.075000,6624.200,1656.22,6624.200
07/01/2012 15,07/01/2012 19,.800,117810.211000,6832.601,5466.08,6832.601
07/01/2012 16,07/01/2012 20,1.000,120160.533000,6816.301,6816.30,6816.301
07/01/2012 17,07/01/2012 21,3.000,122551.578000,6928.100,20784.29,6928.100
07/01/2012 18,07/01/2012 22,2.000,122743.343000,6930.300,13860.59,6930.300
07/01/2012 19,07/01/2012 23,1.000,120760.063000,6943.899,6943.90,6943.899
07/01/2012 20,07/02/2012 00,.250,117054.317000,6516.100,1629.18,6516.100
07/01/2012 21,07/02/2012 01,.040,113361.987000,6375.400,255.04,6375.400
07/01/2012 22,07/02/2012 02,.020,110672.092000,6487.900,129.80,6487.900
07/01/2012 23,07/02/2012 03,.000,104245.607000,6608.700,.00,6608.700
07/01/2012 24,07/02/2012 04,.000,95623.290000,6042.300,.00,6042.300
07/02/2012 01,07/02/2012 05,.000,88002.412000,6817.200,.00,6817.200
07/02/2012 02,07/02/2012 06,.000,82289.424000,7042.100,.00,7042.100
07/02/2012 03,07/02/2012 07,.000,78422.820000,7190.100,.00,7190.100
07/02/2012 04,07/02/2012 08,.000,75957.968000,7188.100,.00,7188.100
07/02/2012 05,07/02/2012 09,.000,75296.172000,7188.100,.00,7188.100
07/02/2012 06,07/02/2012 10,.000,77327.367000,7188.100,.00,7188.100
07/02/2012 07,07/02/2012 11,.000,81429.393000,8241.200,.00,8241.200
07/02/2012 08,07/02/2012 12,.000,88683.368000,8894.200,.00,8894.200
07/02/2012 09,07/02/2012 13,.000,96622.677000,8716.800,.00,8716.800
07/02/2012 10,07/02/2012 14,.000,104316.435000,8674.100,.00,8674.100
07/02/2012 11,07/02/2012 15,.010,111641.951000,8439.600,84.48,8439.600
07/02/2012 12,07/02/2012 16,.020,117847.576000,8517.400,170.34,8517.400
07/02/2012 13,07/02/2012 17,.080,122875.026000,8497.900,679.83,8497.900
07/02/2012 14,07/02/2012 18,.250,126868.420000,8465.400,2116.52,8465.400
07/02/2012 15,07/02/2012 19,1.000,130276.964000,8411.301,8411.30,8411.301
07/02/2012 16,07/02/2012 20,1.000,132535.394000,8441.500,8441.50,8441.500
07/02/2012 17,07/02/2012 21,1.000,134073.167000,8227.700,8227.69,8227.700
07/02/2012 18,07/02/2012 22,1.000,134314.006000,8373.399,8373.41,8373.399
07/02/2012 19,07/02/2012 23,.250,132466.490000,8519.800,2130.13,8519.800
07/02/2012 20,07/03/2012 00,.050,128596.043000,8612.700,430.80,8612.700
07/02/2012 21,07/03/2012 01,.020,123774.736000,8417.400,168.34,8417.400
07/02/2012 22,07/03/2012 02,.010,120572.112000,8320.000,83.29,8320.000
07/02/2012 23,07/03/2012 03,.000,112530.597000,7108.800,.00,7108.800
07/02/2012 24,07/03/2012 04,.000,102433.151000,6995.500,.00,6995.500
07/03/2012 01,07/03/2012 05,.000,93470.549000,5203.600,.00,5203.600
07/03/2012 02,07/03/2012 06,.000,87135.496000,5532.900,.00,5532.900
07/03/2012 03,07/03/2012 07,.000,82666.253000,5529.900,.00,5529.900
07/03/2012 04,07/03/2012 08,.000,79839.340000,5528.900,.00,5528.900
07/03/2012 05,07/03/2012 09,.000,79153.928000,5533.000,.00,5533.000
07/03/2012 06,07/03/2012 10,.000,80748.523000,5384.300,.00,5384.300
07/03/2012 07,07/03/2012 11,.000,84840.064000,6550.000,.00,6550.000
07/03/2012 08,07/03/2012 12,.000,92009.075000,7092.900,.00,7092.900
07/03/2012 09,07/03/2012 13,.000,100011.380000,7248.900,.00,7248.900
07/03/2012 10,07/03/2012 14,.000,108123.214000,6744.900,.00,6744.900
07/03/2012 11,07/03/2012 15,.010,115773.592000,6842.100,68.51,6842.100
07/03/2012 12,07/03/2012 16,.020,122112.591000,6930.400,138.61,6930.400
07/03/2012 13,07/03/2012 17,.050,126997.736000,6955.500,347.86,6955.500
07/03/2012 14,07/03/2012 18,.250,130800.790000,7074.100,1768.64,7074.100
07/03/2012 15,07/03/2012 19,1.000,133401.817000,6985.200,6985.20,6985.200
07/03/2012 16,07/03/2012 20,2.000,135017.455000,7093.200,14186.39,7093.200
07/03/2012 17,07/03/2012 21,4.000,135717.662000,7145.600,28582.41,7145.600
07/03/2012 18,07/03/2012 22,2.000,134944.997000,7218.700,14437.39,7218.700
07/03/2012 19,07/03/2012 23,.500,132053.747000,7188.200,3594.10,7188.200
07/03/2012 20,07/04/2012 00,.100,127731.893000,7094.500,709.45,7094.500
07/03/2012 21,07/04/2012 01,.040,123848.426000,7100.200,283.97,7100.200
07/03/2012 22,07/04/2012 02,.010,120192.443000,6747.700,67.58,6747.700
07/03/2012 23,07/04/2012 03,.000,113149.780000,5499.300,.00,5499.300
07/03/2012 24,07/04/2012 04,.000,104479.196000,5984.000,.00,5984.000
07/04/2012 01,07/04/2012 05,.000,96164.194000,5697.500,.00,5697.500
07/04/2012 02,07/04/2012 06,.000,89915.425000,6566.900,.00,6566.900
07/04/2012 03,07/04/2012 07,.000,85268.325000,5942.700,.00,5942.700
07/04/2012 04,07/04/2012 08,.000,82161.992000,5916.700,.00,5916.700
07/04/2012 05,07/04/2012 09,.000,80573.252000,5835.800,.00,5835.800
07/04/2012 06,07/04/2012 10,.000,80205.806000,6006.700,.00,6006.700
07/04/2012 07,07/04/2012 11,.000,79455.156000,6096.800,.00,6096.800
07/04/2012 08,07/04/2012 12,.000,82222.348000,6133.700,.00,6133.700
07/04/2012 09,07/04/2012 13,.000,89020.829000,6145.000,.00,6145.000
07/04/2012 10,07/04/2012 14,.000,98384.550000,5981.800,.00,5981.800
07/04/2012 11,07/04/2012 15,.010,108176.141000,6100.800,61.09,6100.800
07/04/2012 12,07/04/2012 16,.010,116843.832000,6251.300,62.57,6251.300
07/04/2012 13,07/04/2012 17,.020,123398.862000,6327.900,126.56,6327.900
07/04/2012 14,07/04/2012 18,.020,128137.302000,6330.400,126.61,6330.400
07/04/2012 15,07/04/2012 19,.100,131402.216000,6300.100,630.01,6300.100
07/04/2012 16,07/04/2012 20,.250,134059.867000,6368.101,1592.11,6368.101
07/04/2012 17,07/04/2012 21,.300,135766.140000,6412.901,1923.87,6412.901
07/04/2012 18,07/04/2012 22,.150,135806.628000,6367.300,955.19,6367.300
07/04/2012 19,07/04/2012 23,.050,133589.872000,6321.800,316.21,6321.800
07/04/2012 20,07/05/2012 00,.020,129623.269000,6275.200,125.50,6275.200
07/04/2012 21,07/05/2012 01,.010,125454.246000,6255.200,62.61,6255.200
07/04/2012 22,07/05/2012 02,.010,122265.546000,6042.400,60.50,6042.400
07/04/2012 23,07/05/2012 03,.000,117086.651000,5828.800,.00,5828.800
07/04/2012 24,07/05/2012 04,.000,109940.385000,6250.400,.00,6250.400
07/05/2012 01,07/05/2012 05,.000,101602.944000,7296.700,.00,7296.700
07/05/2012 02,07/05/2012 06,.000,95083.734000,7749.400,.00,7749.400
07/05/2012 03,07/05/2012 07,.000,90268.901000,7629.200,.00,7629.200
07/05/2012 04,07/05/2012 08,.000,87312.000000,8264.800,.00,8264.800
07/05/2012 05,07/05/2012 09,.000,86239.340000,7719.200,.00,7719.200
07/05/2012 06,07/05/2012 10,.000,87948.882000,7707.200,.00,7707.200
07/05/2012 07,07/05/2012 11,.000,91984.602000,7780.200,.00,7780.200
07/05/2012 08,07/05/2012 12,.000,99992.585000,7995.200,.00,7995.200
07/05/2012 09,07/05/2012 13,.000,108879.882000,7896.900,.00,7896.900
07/05/2012 10,07/05/2012 14,.010,117828.408000,8014.800,80.18,8014.800
07/05/2012 11,07/05/2012 15,.020,126123.827000,7971.900,159.42,7971.900
07/05/2012 12,07/05/2012 16,.760,133235.494000,8132.800,6180.98,8132.800
07/05/2012 13,07/05/2012 17,7.800,138186.645000,8304.700,64776.67,8304.700
07/05/2012 14,07/05/2012 18,23.430,141671.068000,8821.900,206697.20,8821.900
07/05/2012 15,07/05/2012 19,43.360,143855.170000,8690.499,376819.98,8690.499
07/05/2012 16,07/05/2012 20,57.730,144891.007000,8586.000,495669.94,8586.000
07/05/2012 17,07/05/2012 21,68.040,144719.252000,8671.900,590036.14,8671.900
07/05/2012 18,07/05/2012 22,54.690,144098.966000,8696.300,475600.72,8696.300
07/05/2012 19,07/05/2012 23,20.000,142363.743000,8865.599,177311.99,8865.599
07/05/2012 20,07/06/2012 00,5.000,138247.033000,8635.100,43175.50,8635.100
07/05/2012 21,07/06/2012 01,1.000,133803.074000,8132.099,8132.10,8132.099
07/05/2012 22,07/06/2012 02,.050,130315.445000,8220.000,411.19,8220.000
07/05/2012 23,07/06/2012 03,.020,122388.464000,7691.200,153.83,7691.200
07/05/2012 24,07/06/2012 04,.000,112563.731000,7427.300,.00,7427.300
07/06/2012 01,07/06/2012 05,.000,103120.130000,7113.600,.00,7113.600
07/06/2012 02,07/06/2012 06,.000,96521.102000,7209.400,.00,7209.400
07/06/2012 03,07/06/2012 07,.000,91471.085000,7342.400,.00,7342.400
07/06/2012 04,07/06/2012 08,.000,88267.931000,7457.500,.00,7457.500
07/06/2012 05,07/06/2012 09,.000,87243.498000,7234.300,.00,7234.300
07/06/2012 06,07/06/2012 10,.000,88789.296000,7494.700,.00,7494.700
07/06/2012 07,07/06/2012 11,.000,92141.000000,7952.900,.00,7952.900
07/06/2012 08,07/06/2012 12,.000,99643.094000,7953.500,.00,7953.500
07/06/2012 09,07/06/2012 13,.000,108519.666000,8063.700,.00,8063.700
07/06/2012 10,07/06/2012 14,.010,117216.865000,8271.400,82.73,8271.400
07/06/2012 11,07/06/2012 15,.020,126154.513000,8319.200,166.35,8319.200
07/06/2012 12,07/06/2012 16,1.000,133402.977000,8201.301,8201.31,8201.301
07/06/2012 13,07/06/2012 17,7.800,138594.061000,8228.000,64178.41,8228.000
07/06/2012 14,07/06/2012 18,34.480,142644.240000,8633.500,297683.00,8633.500
07/06/2012 15,07/06/2012 19,42.830,145481.244000,8653.000,370608.19,8653.000
07/06/2012 16,07/06/2012 20,58.470,147169.770000,8713.699,509490.07,8713.699
07/06/2012 17,07/06/2012 21,61.570,148604.381000,8742.499,538275.70,8742.499
07/06/2012 18,07/06/2012 22,49.050,148454.950000,8724.999,427961.53,8724.999
07/06/2012 19,07/06/2012 23,20.000,146577.490000,8846.900,176937.99,8846.900
07/06/2012 20,07/07/2012 00,5.000,142426.783000,8370.000,41850.00,8370.000
07/06/2012 21,07/07/2012 01,.250,137692.390000,7859.900,1965.09,7859.900
07/06/2012 22,07/07/2012 02,.040,134174.554000,7905.400,316.22,7905.400
07/06/2012 23,07/07/2012 03,.010,126541.187000,7232.300,72.33,7232.300
07/06/2012 24,07/07/2012 04,.000,116982.301000,7121.500,.00,7121.500
07/07/2012 01,07/07/2012 05,.000,108080.855000,6535.800,.00,6535.800
07/07/2012 02,07/07/2012 06,.000,100765.518000,6172.000,.00,6172.000
07/07/2012 03,07/07/2012 07,.000,95595.679000,6300.000,.00,6300.000
07/07/2012 04,07/07/2012 08,.000,91808.243000,6269.000,.00,6269.000
07/07/2012 05,07/07/2012 09,.000,89444.621000,6503.900,.00,6503.900
07/07/2012 06,07/07/2012 10,.000,88491.623000,6200.000,.00,6200.000
07/07/2012 07,07/07/2012 11,.000,88454.917000,5993.000,.00,5993.000
07/07/2012 08,07/07/2012 12,.000,93710.192000,6120.100,.00,6120.100
07/07/2012 09,07/07/2012 13,.000,103911.371000,6252.900,.00,6252.900
07/07/2012 10,07/07/2012 14,.010,115301.759000,6636.900,66.47,6636.900
07/07/2012 11,07/07/2012 15,.020,126031.498000,6800.400,136.00,6800.400
07/07/2012 12,07/07/2012 16,.020,134440.034000,6877.000,137.52,6877.000
07/07/2012 13,07/07/2012 17,1.000,139950.384000,7199.701,7199.70,7199.701
07/07/2012 14,07/07/2012 18,2.000,142633.900000,7603.299,15206.59,7603.299
07/07/2012 15,07/07/2012 19,6.070,143474.972000,7949.699,48254.74,7949.699
07/07/2012 16,07/07/2012 20,14.440,143993.407000,8028.700,115934.49,8028.700
07/07/2012 17,07/07/2012 21,20.000,144288.796000,8005.100,160101.99,8005.100
07/07/2012 18,07/07/2012 22,12.000,143173.717000,7122.100,85465.21,7122.100
07/07/2012 19,07/07/2012 23,5.000,139391.373000,7152.200,35761.00,7152.200
07/07/2012 20,07/08/2012 00,1.000,133981.963000,7162.499,7162.51,7162.499
07/07/2012 21,07/08/2012 01,.200,129005.678000,6908.000,1381.60,6908.000
07/07/2012 22,07/08/2012 02,.040,126275.318000,6938.700,277.54,6938.700
07/07/2012 23,07/08/2012 03,.010,119575.596000,6490.900,64.92,6490.900
07/07/2012 24,07/08/2012 04,.000,111245.269000,6055.700,.00,6055.700
07/08/2012 01,07/08/2012 05,.000,103441.945000,6386.200,.00,6386.200
07/08/2012 02,07/08/2012 06,.000,97078.648000,6401.100,.00,6401.100
07/08/2012 03,07/08/2012 07,.000,92442.743000,6073.100,.00,6073.100
07/08/2012 04,07/08/2012 08,.000,88733.133000,6367.200,.00,6367.200
07/08/2012 05,07/08/2012 09,.000,86369.853000,6385.200,.00,6385.200
07/08/2012 06,07/08/2012 10,.000,85211.460000,6478.300,.00,6478.300
07/08/2012 07,07/08/2012 11,.000,84144.794000,6403.200,.00,6403.200
07/08/2012 08,07/08/2012 12,.000,87559.404000,6091.100,.00,6091.100
07/08/2012 09,07/08/2012 13,.000,94569.411000,6298.900,.00,6298.900
07/08/2012 10,07/08/2012 14,.000,102767.046000,6115.200,.00,6115.200
07/08/2012 11,07/08/2012 15,.010,110224.094000,6222.800,62.33,6222.800
07/08/2012 12,07/08/2012 16,.010,116731.885000,6372.700,63.85,6372.700
07/08/2012 13,07/08/2012 17,.100,121423.227000,6748.400,674.84,6748.400
07/08/2012 14,07/08/2012 18,.100,124835.144000,6749.700,674.97,6749.700
07/08/2012 15,07/08/2012 19,.110,126932.429000,6727.800,740.15,6727.800
07/08/2012 16,07/08/2012 20,.250,128175.680000,6858.600,1714.84,6858.600
07/08/2012 17,07/08/2012 21,.250,128466.357000,6887.900,1722.14,6887.900
07/08/2012 18,07/08/2012 22,.250,127296.949000,6841.901,1710.66,6841.901
07/08/2012 19,07/08/2012 23,.100,124681.195000,6655.000,665.50,6655.000
07/08/2012 20,07/09/2012 00,.050,120796.275000,6642.100,332.23,6642.100
07/08/2012 21,07/09/2012 01,.020,117583.232000,6494.600,129.87,6494.600
07/08/2012 22,07/09/2012 02,.020,115310.212000,6129.400,122.59,6129.400
07/08/2012 23,07/09/2012 03,.000,109163.290000,5989.500,.00,5989.500
07/08/2012 24,07/09/2012 04,.000,100795.474000,6004.100,.00,6004.100
07/09/2012 01,07/09/2012 05,.000,93014.301000,6678.900,.00,6678.900
07/09/2012 02,07/09/2012 06,.000,87671.970000,6567.000,.00,6567.000
07/09/2012 03,07/09/2012 07,.000,83736.870000,6565.900,.00,6565.900
07/09/2012 04,07/09/2012 08,.000,81431.598000,6534.800,.00,6534.800
07/09/2012 05,07/09/2012 09,.000,81066.302000,6563.600,.00,6563.600
07/09/2012 06,07/09/2012 10,.000,83347.229000,6562.500,.00,6562.500
07/09/2012 07,07/09/2012 11,.000,87585.943000,7728.400,.00,7728.400
07/09/2012 08,07/09/2012 12,.000,93684.006000,7998.200,.00,7998.200
07/09/2012 09,07/09/2012 13,.000,99750.260000,7908.300,.00,7908.300
07/09/2012 10,07/09/2012 14,.000,105555.330000,8045.100,.00,8045.100
07/09/2012 11,07/09/2012 15,.010,111258.382000,8163.600,81.67,8163.600
07/09/2012 12,07/09/2012 16,.010,116141.014000,8229.600,82.34,8229.600
07/09/2012 13,07/09/2012 17,.020,120700.570000,8140.500,162.78,8140.500
07/09/2012 14,07/09/2012 18,.050,125031.461000,8055.900,402.90,8055.900
07/09/2012 15,07/09/2012 19,.150,127333.102000,8070.900,1210.73,8070.900
07/09/2012 16,07/09/2012 20,.250,128304.657000,8072.300,2018.23,8072.300
07/09/2012 17,07/09/2012 21,.250,129311.362000,8068.300,2017.21,8068.300
07/09/2012 18,07/09/2012 22,.250,129065.717000,7588.600,1897.29,7588.600
07/09/2012 19,07/09/2012 23,.050,125906.850000,7634.300,381.88,7634.300
07/09/2012 20,07/10/2012 00,.020,121481.545000,7584.400,151.65,7584.400
07/09/2012 21,07/10/2012 01,.020,117025.723000,7480.000,149.57,7480.000
07/09/2012 22,07/10/2012 02,.010,114002.757000,7322.300,73.23,7322.300
07/09/2012 23,07/10/2012 03,.000,106531.733000,6159.600,.00,6159.600
07/09/2012 24,07/10/2012 04,.000,96899.316000,6088.400,.00,6088.400
07/10/2012 01,07/10/2012 05,.000,88870.336000,6053.300,.00,6053.300
07/10/2012 02,07/10/2012 06,.000,83535.929000,6152.300,.00,6152.300
07/10/2012 03,07/10/2012 07,.000,79806.133000,6152.300,.00,6152.300
07/10/2012 04,07/10/2012 08,.000,77721.273000,6098.400,.00,6098.400
07/10/2012 05,07/10/2012 09,.000,77478.617000,6098.300,.00,6098.300
07/10/2012 06,07/10/2012 10,.000,80121.810000,5935.500,.00,5935.500
07/10/2012 07,07/10/2012 11,.000,84699.502000,7314.300,.00,7314.300
07/10/2012 08,07/10/2012 12,.000,91410.060000,7630.200,.00,7630.200
07/10/2012 09,07/10/2012 13,.000,97873.550000,7338.300,.00,7338.300
07/10/2012 10,07/10/2012 14,.000,103832.391000,7415.200,.00,7415.200
07/10/2012 11,07/10/2012 15,.000,109943.113000,7618.900,.00,7618.900
07/10/2012 12,07/10/2012 16,.010,115099.691000,7644.700,76.45,7644.700
07/10/2012 13,07/10/2012 17,.020,119027.862000,7717.000,154.30,7717.000
07/10/2012 14,07/10/2012 18,.040,122479.657000,7712.000,308.47,7712.000
07/10/2012 15,07/10/2012 19,.100,124483.430000,8034.300,803.43,8034.300
07/10/2012 16,07/10/2012 20,.150,125826.227000,8077.300,1211.69,8077.300
07/10/2012 17,07/10/2012 21,.250,126098.022000,8123.200,2030.90,8123.200
07/10/2012 18,07/10/2012 22,.250,125441.578000,8123.200,2030.89,8123.200
07/10/2012 19,07/10/2012 23,.050,122540.010000,7974.100,398.79,7974.100
07/10/2012 20,07/11/2012 00,.010,118152.666000,7699.200,76.98,7699.200
07/10/2012 21,07/11/2012 01,.010,114227.881000,7448.700,74.52,7448.700
07/10/2012 22,07/11/2012 02,.000,111543.027000,7332.200,.00,7332.200
07/10/2012 23,07/11/2012 03,.000,104432.928000,6128.300,.00,6128.300
07/10/2012 24,07/11/2012 04,.000,95155.952000,6152.300,.00,6152.300
07/11/2012 01,07/11/2012 05,.000,87099.045000,6763.900,.00,6763.900
07/11/2012 02,07/11/2012 06,.000,81444.853000,6688.900,.00,6688.900
07/11/2012 03,07/11/2012 07,.000,77834.503000,6674.900,.00,6674.900
07/11/2012 04,07/11/2012 08,.000,75590.730000,6660.200,.00,6660.200
07/11/2012 05,07/11/2012 09,.000,75646.276000,6761.600,.00,6761.600
07/11/2012 06,07/11/2012 10,.000,78255.946000,6759.400,.00,6759.400
07/11/2012 07,07/11/2012 11,.000,82761.213000,7919.200,.00,7919.200
07/11/2012 08,07/11/2012 12,.000,89226.957000,8214.900,.00,8214.900
07/11/2012 09,07/11/2012 13,.000,95960.530000,8115.500,.00,8115.500
07/11/2012 10,07/11/2012 14,.000,102265.760000,7871.500,.00,7871.500
07/11/2012 11,07/11/2012 15,.000,108606.474000,8177.900,.00,8177.900
07/11/2012 12,07/11/2012 16,.020,113782.595000,8244.700,164.87,8244.700
07/11/2012 13,07/11/2012 17,.040,118244.301000,8263.600,330.52,8263.600
07/11/2012 14,07/11/2012 18,.050,122401.716000,8244.200,412.34,8244.200
07/11/2012 15,07/11/2012 19,.100,125199.977000,8237.901,823.79,8237.901
07/11/2012 16,07/11/2012 20,.250,127023.087000,8094.900,2023.81,8094.900
07/11/2012 17,07/11/2012 21,.250,128007.392000,8149.900,2037.58,8149.900
07/11/2012 18,07/11/2012 22,.250,127370.837000,7501.100,1875.38,7501.100
07/11/2012 19,07/11/2012 23,.050,124313.567000,7659.800,383.12,7659.800
07/11/2012 20,07/12/2012 00,.020,119640.093000,7652.000,153.03,7652.000
07/11/2012 21,07/12/2012 01,.010,115763.773000,7388.900,73.96,7388.900
07/11/2012 22,07/12/2012 02,.010,112889.960000,7270.600,72.78,7270.600
07/11/2012 23,07/12/2012 03,.000,105776.993000,5906.800,.00,5906.800
07/11/2012 24,07/12/2012 04,.000,96379.529000,6012.000,.00,6012.000
07/12/2012 01,07/12/2012 05,.000,88097.998000,6007.300,.00,6007.300
07/12/2012 02,07/12/2012 06,.000,82344.823000,6036.800,.00,6036.800
07/12/2012 03,07/12/2012 07,.000,78423.015000,6020.400,.00,6020.400
07/12/2012 04,07/12/2012 08,.000,76176.570000,6020.400,.00,6020.400
07/12/2012 05,07/12/2012 09,.000,75902.624000,6019.400,.00,6019.400
07/12/2012 06,07/12/2012 10,.000,78428.063000,5928.200,.00,5928.200
07/12/2012 07,07/12/2012 11,.000,82845.604000,7315.200,.00,7315.200
07/12/2012 08,07/12/2012 12,.000,89624.807000,7710.500,.00,7710.500
07/12/2012 09,07/12/2012 13,.000,96726.719000,7756.600,.00,7756.600
07/12/2012 10,07/12/2012 14,.000,103366.773000,7726.600,.00,7726.600
07/12/2012 11,07/12/2012 15,.000,109866.399000,7696.100,.00,7696.100
07/12/2012 12,07/12/2012 16,.020,115845.965000,7846.800,156.97,7846.800
07/12/2012 13,07/12/2012 17,.020,120733.334000,7905.600,158.14,7905.600
07/12/2012 14,07/12/2012 18,.050,125652.904000,7893.800,394.82,7893.800
07/12/2012 15,07/12/2012 19,.250,128779.287000,8251.700,2063.09,8251.700
07/12/2012 16,07/12/2012 20,.500,130595.393000,8301.500,4150.75,8301.500
07/12/2012 17,07/12/2012 21,.800,131636.989000,8347.400,6677.92,8347.400
07/12/2012 18,07/12/2012 22,.500,130797.753000,8302.700,4151.35,8302.700
07/12/2012 19,07/12/2012 23,.100,127696.906000,8175.600,817.56,8175.600
07/12/2012 20,07/13/2012 00,.040,122464.559000,7907.000,316.23,7907.000
07/12/2012 21,07/13/2012 01,.020,118407.535000,7690.900,153.86,7690.900
07/12/2012 22,07/13/2012 02,.020,115635.359000,7634.700,152.74,7634.700
07/12/2012 23,07/13/2012 03,.000,108279.813000,6506.900,.00,6506.900
07/12/2012 24,07/13/2012 04,.000,98865.870000,6241.100,.00,6241.100
07/13/2012 01,07/13/2012 05,.000,90463.311000,5947.500,.00,5947.500
07/13/2012 02,07/13/2012 06,.000,84441.304000,6468.900,.00,6468.900
07/13/2012 03,07/13/2012 07,.000,80441.507000,5942.400,.00,5942.400
07/13/2012 04,07/13/2012 08,.000,78084.354000,5940.100,.00,5940.100
07/13/2012 05,07/13/2012 09,.000,77599.181000,5939.000,.00,5939.000
07/13/2012 06,07/13/2012 10,.000,80197.709000,5756.800,.00,5756.800
07/13/2012 07,07/13/2012 11,.000,84423.689000,6816.600,.00,6816.600
07/13/2012 08,07/13/2012 12,.000,90576.499000,7443.800,.00,7443.800
07/13/2012 09,07/13/2012 13,.000,97014.144000,7386.500,.00,7386.500
07/13/2012 10,07/13/2012 14,.000,103135.935000,7442.400,.00,7442.400
07/13/2012 11,07/13/2012 15,.010,109848.447000,7433.300,74.39,7433.300
07/13/2012 12,07/13/2012 16,.020,115643.287000,7460.500,149.18,7460.500
07/13/2012 13,07/13/2012 17,.040,120236.440000,7445.400,297.83,7445.400
07/13/2012 14,07/13/2012 18,.100,123606.473000,7494.400,749.44,7494.400
07/13/2012 15,07/13/2012 19,.980,125250.886000,7482.400,7332.76,7482.400
07/13/2012 16,07/13/2012 20,1.000,125030.204000,7488.400,7488.40,7488.400
07/13/2012 17,07/13/2012 21,1.000,124662.131000,7306.002,7305.98,7306.002
07/13/2012 18,07/13/2012 22,.750,122437.489000,7317.300,5488.06,7317.300
07/13/2012 19,07/13/2012 23,.080,118367.452000,7156.100,572.45,7156.100
07/13/2012 20,07/14/2012 00,.040,113852.026000,6907.500,276.28,6907.500
07/13/2012 21,07/14/2012 01,.020,110743.741000,6708.400,134.18,6708.400
07/13/2012 22,07/14/2012 02,.010,108766.011000,6678.600,66.82,6678.600
07/13/2012 23,07/14/2012 03,.000,103024.484000,5671.500,.00,5671.500
07/13/2012 24,07/14/2012 04,.000,95096.959000,5840.500,.00,5840.500
07/14/2012 01,07/14/2012 05,.000,87682.524000,5259.400,.00,5259.400
07/14/2012 02,07/14/2012 06,.000,82215.903000,6020.700,.00,6020.700
07/14/2012 03,07/14/2012 07,.000,78663.990000,6171.800,.00,6171.800
07/14/2012 04,07/14/2012 08,.000,76276.001000,5414.200,.00,5414.200
07/14/2012 05,07/14/2012 09,.000,74928.691000,6101.200,.00,6101.200
07/14/2012 06,07/14/2012 10,.000,75341.192000,5549.900,.00,5549.900
07/14/2012 07,07/14/2012 11,.000,76057.191000,5798.900,.00,5798.900
07/14/2012 08,07/14/2012 12,.000,79108.536000,5740.000,.00,5740.000
07/14/2012 09,07/14/2012 13,.000,84845.897000,5482.100,.00,5482.100
07/14/2012 10,07/14/2012 14,.000,91442.800000,5422.000,.00,5422.000
07/14/2012 11,07/14/2012 15,.010,97633.242000,5844.100,58.51,5844.100
07/14/2012 12,07/14/2012 16,.020,102492.293000,5823.100,116.44,5823.100
07/14/2012 13,07/14/2012 17,.020,106236.837000,5820.100,116.39,5820.100
07/14/2012 14,07/14/2012 18,.100,108582.153000,5787.200,578.72,5787.200
07/14/2012 15,07/14/2012 19,.250,110274.614000,5739.200,1434.94,5739.200
07/14/2012 16,07/14/2012 20,.250,111092.159000,5745.200,1436.44,5745.200
07/14/2012 17,07/14/2012 21,.250,111878.067000,5836.300,1459.22,5836.300
07/14/2012 18,07/14/2012 22,.250,111487.512000,5817.200,1454.48,5817.200
07/14/2012 19,07/14/2012 23,.110,109938.065000,5782.700,636.17,5782.700
07/14/2012 20,07/15/2012 00,.040,107596.205000,5682.500,227.29,5682.500
07/14/2012 21,07/15/2012 01,.020,105768.755000,5724.700,114.48,5724.700
07/14/2012 22,07/15/2012 02,.020,104556.683000,5829.800,116.60,5829.800
07/14/2012 23,07/15/2012 03,.000,99879.878000,5500.100,.00,5500.100
07/14/2012 24,07/15/2012 04,.000,93084.789000,5725.200,.00,5725.200
07/15/2012 01,07/15/2012 05,.000,86514.636000,5698.100,.00,5698.100
07/15/2012 02,07/15/2012 06,.000,81413.212000,6248.100,.00,6248.100
07/15/2012 03,07/15/2012 07,.000,77975.525000,6180.100,.00,6180.100
07/15/2012 04,07/15/2012 08,.000,75640.051000,6150.100,.00,6150.100
07/15/2012 05,07/15/2012 09,.000,74451.737000,6149.100,.00,6149.100
07/15/2012 06,07/15/2012 10,.000,74287.699000,6148.100,.00,6148.100
07/15/2012 07,07/15/2012 11,.000,74423.622000,6081.500,.00,6081.500
07/15/2012 08,07/15/2012 12,.000,77475.668000,6105.600,.00,6105.600
07/15/2012 09,07/15/2012 13,.000,84326.917000,5979.500,.00,5979.500
07/15/2012 10,07/15/2012 14,.000,92415.246000,5729.200,.00,5729.200
07/15/2012 11,07/15/2012 15,.010,100869.560000,5979.400,59.89,5979.400
07/15/2012 12,07/15/2012 16,.020,108659.556000,6244.100,124.89,6244.100
07/15/2012 13,07/15/2012 17,.020,114174.517000,6240.100,124.81,6240.100
07/15/2012 14,07/15/2012 18,.040,118689.883000,6232.400,249.30,6232.400
07/15/2012 15,07/15/2012 19,.250,121814.075000,6315.900,1579.09,6315.900
07/15/2012 16,07/15/2012 20,1.000,123616.450000,6671.199,6671.22,6671.199
07/15/2012 17,07/15/2012 21,1.000,124864.509000,6635.200,6635.20,6635.200
07/15/2012 18,07/15/2012 22,1.000,124878.066000,6609.502,6609.49,6609.502
07/15/2012 19,07/15/2012 23,.750,123180.773000,6534.100,4900.69,6534.100
07/15/2012 20,07/16/2012 00,.050,119825.428000,6283.300,314.28,6283.300
07/15/2012 21,07/16/2012 01,.020,116948.844000,6255.700,125.12,6255.700
07/15/2012 22,07/16/2012 02,.020,114190.515000,6244.900,124.92,6244.900
07/15/2012 23,07/16/2012 03,.020,107588.955000,5983.700,119.69,5983.700
07/15/2012 24,07/16/2012 04,.000,99266.085000,5939.600,.00,5939.600
07/16/2012 01,07/16/2012 05,.000,92105.681000,6574.500,.00,6574.500
07/16/2012 02,07/16/2012 06,.000,86666.822000,7014.400,.00,7014.400
07/16/2012 03,07/16/2012 07,.000,83211.733000,7016.400,.00,7016.400
07/16/2012 04,07/16/2012 08,.000,80978.539000,7142.400,.00,7142.400
07/16/2012 05,07/16/2012 09,.000,81213.869000,7047.400,.00,7047.400
07/16/2012 06,07/16/2012 10,.000,84182.407000,6986.400,.00,6986.400
07/16/2012 07,07/16/2012 11,.000,89081.748000,8262.800,.00,8262.800
07/16/2012 08,07/16/2012 12,.000,97039.660000,8383.400,.00,8383.400
07/16/2012 09,07/16/2012 13,.000,105537.826000,8376.000,.00,8376.000
07/16/2012 10,07/16/2012 14,.020,113655.212000,8351.400,167.02,8351.400
07/16/2012 11,07/16/2012 15,.020,122301.526000,8327.400,166.53,8327.400
07/16/2012 12,07/16/2012 16,.040,129761.116000,8397.800,335.85,8397.800
07/16/2012 13,07/16/2012 17,.400,135082.786000,8491.700,3396.68,8491.700
07/16/2012 14,07/16/2012 18,3.000,139558.506000,8210.899,24632.69,8210.899
07/16/2012 15,07/16/2012 19,12.920,142370.053000,8538.700,110320.03,8538.700
07/16/2012 16,07/16/2012 20,31.560,143960.538000,8528.000,269143.59,8528.000
07/16/2012 17,07/16/2012 21,42.240,145340.328000,8490.800,358651.44,8490.800
07/16/2012 18,07/16/2012 22,27.080,145009.276000,8501.600,230223.27,8501.600
07/16/2012 19,07/16/2012 23,5.190,143562.255000,8521.799,44228.16,8521.799
07/16/2012 20,07/17/2012 00,1.000,139528.645000,8328.601,8328.59,8328.601
07/16/2012 21,07/17/2012 01,.080,134889.771000,8436.600,674.91,8436.600
07/16/2012 22,07/17/2012 02,.020,130996.003000,8401.500,168.01,8401.500
07/16/2012 23,07/17/2012 03,.010,122641.442000,7260.800,72.69,7260.800
07/16/2012 24,07/17/2012 04,.000,111835.392000,6851.500,.00,6851.500
07/17/2012 01,07/17/2012 05,.000,102112.221000,7284.600,.00,7284.600
07/17/2012 02,07/17/2012 06,.000,95540.008000,7616.800,.00,7616.800
07/17/2012 03,07/17/2012 07,.000,90781.009000,7677.800,.00,7677.800
07/17/2012 04,07/17/2012 08,.000,87964.798000,7250.800,.00,7250.800
07/17/2012 05,07/17/2012 09,.000,87053.781000,7506.800,.00,7506.800
07/17/2012 06,07/17/2012 10,.000,89390.124000,7249.300,.00,7249.300
07/17/2012 07,07/17/2012 11,.000,93970.243000,7811.700,.00,7811.700
07/17/2012 08,07/17/2012 12,.000,101697.830000,8202.700,.00,8202.700
07/17/2012 09,07/17/2012 13,.000,110758.208000,8377.200,.00,8377.200
07/17/2012 10,07/17/2012 14,.020,119920.338000,8085.300,161.68,8085.300
07/17/2012 11,07/17/2012 15,.040,129487.741000,8182.200,327.25,8182.200
07/17/2012 12,07/17/2012 16,.250,137260.119000,8548.300,2137.18,8548.300
07/17/2012 13,07/17/2012 17,12.000,143171.555000,8404.199,100850.41,8404.199
07/17/2012 14,07/17/2012 18,58.690,147170.838000,8492.399,498419.00,8492.399
07/17/2012 15,07/17/2012 19,112.430,149164.647000,8510.999,956891.94,8510.999
07/17/2012 16,07/17/2012 20,139.090,149940.033000,8508.899,1183502.98,8508.899
07/17/2012 17,07/17/2012 21,155.150,150878.724000,8461.399,1312786.48,8461.399
07/17/2012 18,07/17/2012 22,134.420,150759.263000,8309.999,1117030.20,8309.999
07/17/2012 19,07/17/2012 23,77.280,149160.653000,8563.700,661802.67,8563.700
07/17/2012 20,07/18/2012 00,20.000,145629.216000,8559.699,171193.99,8559.699
07/17/2012 21,07/18/2012 01,10.000,142563.313000,8662.300,86623.00,8662.300
07/17/2012 22,07/18/2012 02,1.000,139511.541000,8998.700,8998.71,8998.700
07/17/2012 23,07/18/2012 03,.020,130715.680000,8400.200,168.00,8400.200
07/17/2012 24,07/18/2012 04,.000,120263.316000,7798.100,.00,7798.100
07/18/2012 01,07/18/2012 05,.000,110794.051000,7317.800,.00,7317.800
07/18/2012 02,07/18/2012 06,.000,103974.124000,7665.600,.00,7665.600
07/18/2012 03,07/18/2012 07,.000,98939.580000,7693.900,.00,7693.900
07/18/2012 04,07/18/2012 08,.000,95469.757000,7731.000,.00,7731.000
07/18/2012 05,07/18/2012 09,.000,94619.876000,7118.300,.00,7118.300
07/18/2012 06,07/18/2012 10,.000,96862.715000,7069.700,.00,7069.700
07/18/2012 07,07/18/2012 11,.000,101358.047000,7684.500,.00,7684.500
07/18/2012 08,07/18/2012 12,.000,108540.347000,8022.600,.00,8022.600
07/18/2012 09,07/18/2012 13,.020,116835.809000,7827.100,156.59,7827.100
07/18/2012 10,07/18/2012 14,.020,125101.120000,7939.000,158.83,7939.000
07/18/2012 11,07/18/2012 15,.500,133620.109000,7773.200,3886.60,7773.200
07/18/2012 12,07/18/2012 16,2.000,140853.533000,7388.499,14776.99,7388.499
07/18/2012 13,07/18/2012 17,20.000,146055.537000,7968.199,159363.99,7968.199
07/18/2012 14,07/18/2012 18,84.040,149167.180000,7977.400,670420.77,7977.400
07/18/2012 15,07/18/2012 19,111.240,148743.048000,7992.400,889074.65,7992.400
07/18/2012 16,07/18/2012 20,122.870,145470.460000,7910.600,971975.48,7910.600
07/18/2012 17,07/18/2012 21,127.280,141217.623000,8204.600,1044281.40,8204.600
07/18/2012 18,07/18/2012 22,75.290,137333.847000,8228.300,619508.83,8228.300
07/18/2012 19,07/18/2012 23,17.260,134003.689000,8266.000,142671.08,8266.000
07/18/2012 20,07/19/2012 00,5.000,129982.962000,7708.299,38541.51,7708.299
07/18/2012 21,07/19/2012 01,1.000,126889.704000,7744.800,7744.80,7744.800
07/18/2012 22,07/19/2012 02,.250,123837.505000,7936.400,1984.25,7936.400
07/18/2012 23,07/19/2012 03,.040,115670.035000,7547.000,301.89,7547.000
07/18/2012 24,07/19/2012 04,.000,105602.309000,7540.500,.00,7540.500
07/19/2012 01,07/19/2012 05,.000,97236.994000,7911.500,.00,7911.500
07/19/2012 02,07/19/2012 06,.000,91536.180000,7901.500,.00,7901.500
07/19/2012 03,07/19/2012 07,.000,87759.944000,7690.400,.00,7690.400
07/19/2012 04,07/19/2012 08,.000,85176.889000,7624.300,.00,7624.300
07/19/2012 05,07/19/2012 09,.000,85024.514000,7689.300,.00,7689.300
07/19/2012 06,07/19/2012 10,.000,87979.131000,7598.200,.00,7598.200
07/19/2012 07,07/19/2012 11,.000,93158.892000,8739.100,.00,8739.100
07/19/2012 08,07/19/2012 12,.000,99584.054000,8874.900,.00,8874.900
07/19/2012 09,07/19/2012 13,.000,105577.393000,8731.600,.00,8731.600
07/19/2012 10,07/19/2012 14,.010,110923.116000,8919.800,89.25,8919.800
07/19/2012 11,07/19/2012 15,.020,116324.074000,9044.000,180.90,9044.000
07/19/2012 12,07/19/2012 16,.040,120566.065000,9010.800,360.43,9010.800
07/19/2012 13,07/19/2012 17,.100,123569.628000,8870.600,887.06,8870.600
07/19/2012 14,07/19/2012 18,.500,125970.928000,8844.900,4422.45,8844.900
07/19/2012 15,07/19/2012 19,1.000,127468.098000,8742.701,8742.72,8742.701
07/19/2012 16,07/19/2012 20,1.000,128252.707000,8837.601,8837.62,8837.601
07/19/2012 17,07/19/2012 21,1.000,128443.892000,8841.900,8841.90,8841.900
07/19/2012 18,07/19/2012 22,.250,127400.333000,8530.500,2132.79,8530.500
07/19/2012 19,07/19/2012 23,.080,124241.149000,8290.100,663.16,8290.100
07/19/2012 20,07/20/2012 00,.020,119924.590000,8334.600,166.71,8334.600
07/19/2012 21,07/20/2012 01,.020,117385.373000,8091.000,161.84,8091.000
07/19/2012 22,07/20/2012 02,.020,114614.691000,8022.900,160.47,8022.900
07/19/2012 23,07/20/2012 03,.000,107438.068000,7020.300,.00,7020.300
07/19/2012 24,07/20/2012 04,.000,98794.552000,7273.800,.00,7273.800
07/20/2012 01,07/20/2012 05,.000,91207.178000,6544.400,.00,6544.400
07/20/2012 02,07/20/2012 06,.000,86181.077000,6544.400,.00,6544.400
07/20/2012 03,07/20/2012 07,.000,82750.657000,6544.400,.00,6544.400
07/20/2012 04,07/20/2012 08,.000,80686.641000,6544.400,.00,6544.400
07/20/2012 05,07/20/2012 09,.000,80631.067000,6543.400,.00,6543.400
07/20/2012 06,07/20/2012 10,.000,83621.764000,6543.500,.00,6543.500
07/20/2012 07,07/20/2012 11,.000,88403.245000,7705.400,.00,7705.400
07/20/2012 08,07/20/2012 12,.000,93324.270000,7889.500,.00,7889.500
07/20/2012 09,07/20/2012 13,.000,97780.632000,7890.400,.00,7890.400
07/20/2012 10,07/20/2012 14,.000,101568.100000,7606.900,.00,7606.900
07/20/2012 11,07/20/2012 15,.010,104866.879000,7450.100,74.53,7450.100
07/20/2012 12,07/20/2012 16,.010,107124.762000,7446.800,74.52,7446.800
07/20/2012 13,07/20/2012 17,.020,108231.692000,7468.600,149.36,7468.600
07/20/2012 14,07/20/2012 18,.040,108859.884000,7410.100,296.34,7410.100
07/20/2012 15,07/20/2012 19,.050,108636.276000,7341.900,367.28,7341.900
07/20/2012 16,07/20/2012 20,.050,107917.160000,7382.100,369.31,7382.100
07/20/2012 17,07/20/2012 21,.050,107262.109000,6815.600,340.93,6815.600
07/20/2012 18,07/20/2012 22,.050,105635.434000,6822.100,341.23,6822.100
07/20/2012 19,07/20/2012 23,.020,102820.361000,6914.700,138.29,6914.700
07/20/2012 20,07/21/2012 00,.010,99701.865000,6863.200,68.63,6863.200
07/20/2012 21,07/21/2012 01,.000,97847.135000,6775.900,.00,6775.900
07/20/2012 22,07/21/2012 02,.000,96048.501000,6914.300,.00,6914.300
07/20/2012 23,07/21/2012 03,.000,91030.896000,6054.400,.00,6054.400
07/20/2012 24,07/21/2012 04,.000,84508.787000,5856.500,.00,5856.500
07/21/2012 01,07/21/2012 05,.000,78128.133000,5592.100,.00,5592.100
07/21/2012 02,07/21/2012 06,.000,73849.129000,5721.100,.00,5721.100
07/21/2012 03,07/21/2012 07,.000,70830.641000,5721.100,.00,5721.100
07/21/2012 04,07/21/2012 08,.000,69010.625000,5721.100,.00,5721.100
07/21/2012 05,07/21/2012 09,.000,68314.187000,5721.100,.00,5721.100
07/21/2012 06,07/21/2012 10,.000,68894.557000,5472.100,.00,5472.100
07/21/2012 07,07/21/2012 11,.000,69701.423000,5721.100,.00,5721.100
07/21/2012 08,07/21/2012 12,.000,72523.237000,5541.000,.00,5541.000
07/21/2012 09,07/21/2012 13,.000,78040.440000,5622.100,.00,5622.100
07/21/2012 10,07/21/2012 14,.000,83619.107000,5622.000,.00,5622.000
07/21/2012 11,07/21/2012 15,.000,88218.998000,5459.800,.00,5459.800
07/21/2012 12,07/21/2012 16,.000,91703.333000,5445.200,.00,5445.200
07/21/2012 13,07/21/2012 17,.010,94127.636000,5439.100,54.50,5439.100
07/21/2012 14,07/21/2012 18,.020,95945.016000,5579.600,111.59,5579.600
07/21/2012 15,07/21/2012 19,.040,97479.654000,5631.600,225.23,5631.600
07/21/2012 16,07/21/2012 20,.050,98789.425000,5671.500,283.71,5671.500
07/21/2012 17,07/21/2012 21,.050,99720.000000,5671.400,283.68,5671.400
07/21/2012 18,07/21/2012 22,.050,100001.717000,5671.800,283.73,5671.800
07/21/2012 19,07/21/2012 23,.050,98746.312000,5671.200,283.76,5671.200
07/21/2012 20,07/22/2012 00,.020,96864.217000,5597.700,111.96,5597.700
07/21/2012 21,07/22/2012 01,.010,95704.211000,5493.100,55.00,5493.100
07/21/2012 22,07/22/2012 02,.010,95031.470000,5441.900,54.51,5441.900
07/21/2012 23,07/22/2012 03,.000,90763.800000,5487.700,.00,5487.700
07/21/2012 24,07/22/2012 04,.000,84787.068000,5397.100,.00,5397.100
07/22/2012 01,07/22/2012 05,.000,78788.781000,5883.100,.00,5883.100
07/22/2012 02,07/22/2012 06,.000,74192.973000,6035.500,.00,6035.500
07/22/2012 03,07/22/2012 07,.000,71059.385000,6067.700,.00,6067.700
07/22/2012 04,07/22/2012 08,.000,68897.537000,6140.800,.00,6140.800
07/22/2012 05,07/22/2012 09,.000,67859.519000,6140.800,.00,6140.800
07/22/2012 06,07/22/2012 10,.000,67622.451000,6140.800,.00,6140.800
07/22/2012 07,07/22/2012 11,.000,67374.790000,6139.700,.00,6139.700
07/22/2012 08,07/22/2012 12,.000,69973.003000,6139.700,.00,6139.700
07/22/2012 09,07/22/2012 13,.000,75683.936000,6201.100,.00,6201.100
07/22/2012 10,07/22/2012 14,.000,82236.799000,6200.200,.00,6200.200
07/22/2012 11,07/22/2012 15,.000,88443.567000,5813.800,.00,5813.800
07/22/2012 12,07/22/2012 16,.000,93633.360000,5631.400,.00,5631.400
07/22/2012 13,07/22/2012 17,.020,98089.873000,5961.200,119.18,5961.200
07/22/2012 14,07/22/2012 18,.020,101801.961000,6038.100,120.73,6038.100
07/22/2012 15,07/22/2012 19,.050,105137.875000,5875.500,293.92,5875.500
07/22/2012 16,07/22/2012 20,.050,107616.203000,5850.200,292.59,5850.200
07/22/2012 17,07/22/2012 21,.100,110708.634000,5837.600,583.76,5837.600
07/22/2012 18,07/22/2012 22,.100,113151.476000,5838.700,583.87,5838.700
07/22/2012 19,07/22/2012 23,.050,113353.794000,5829.200,291.57,5829.200
07/22/2012 20,07/23/2012 00,.050,111077.653000,5776.300,288.95,5776.300
07/22/2012 21,07/23/2012 01,.040,108919.442000,5821.500,232.90,5821.500
07/22/2012 22,07/23/2012 02,.040,107860.090000,5830.300,233.24,5830.300
07/22/2012 23,07/23/2012 03,.000,102500.581000,5842.400,.00,5842.400
07/22/2012 24,07/23/2012 04,.000,94962.246000,5776.100,.00,5776.100
07/23/2012 01,07/23/2012 05,.000,87404.112000,6916.600,.00,6916.600
07/23/2012 02,07/23/2012 06,.000,82524.223000,7273.600,.00,7273.600
07/23/2012 03,07/23/2012 07,.000,79619.221000,7303.600,.00,7303.600
07/23/2012 04,07/23/2012 08,.000,78343.874000,7310.200,.00,7310.200
07/23/2012 05,07/23/2012 09,.000,78951.557000,7307.800,.00,7307.800
07/23/2012 06,07/23/2012 10,.000,82601.333000,7331.500,.00,7331.500
07/23/2012 07,07/23/2012 11,.000,88112.839000,7244.600,.00,7244.600
07/23/2012 08,07/23/2012 12,.000,94783.722000,7461.200,.00,7461.200
07/23/2012 09,07/23/2012 13,.020,101910.574000,7506.500,150.13,7506.500
07/23/2012 10,07/23/2012 14,.020,108957.661000,7549.200,150.99,7549.200
07/23/2012 11,07/23/2012 15,.020,116875.469000,7516.800,150.32,7516.800
07/23/2012 12,07/23/2012 16,.050,123603.871000,7465.000,373.41,7465.000
07/23/2012 13,07/23/2012 17,1.000,128883.864000,7473.200,7473.20,7473.200
07/23/2012 14,07/23/2012 18,5.000,133223.383000,7718.899,38594.50,7718.899
07/23/2012 15,07/23/2012 19,10.000,135875.617000,7875.500,78755.00,7875.500
07/23/2012 16,07/23/2012 20,13.480,138014.302000,8277.700,111583.38,8277.700
07/23/2012 17,07/23/2012 21,20.000,139294.607000,8352.600,167051.99,8352.600
07/23/2012 18,07/23/2012 22,12.900,139011.758000,8314.500,107257.05,8314.500
07/23/2012 19,07/23/2012 23,5.000,136615.575000,7636.600,38183.00,7636.600
07/23/2012 20,07/24/2012 00,1.000,132715.369000,7467.198,7467.19,7467.198
07/23/2012 21,07/24/2012 01,.250,129380.194000,7608.300,1902.23,7608.300
07/23/2012 22,07/24/2012 02,.040,126546.629000,7232.200,289.32,7232.200
07/23/2012 23,07/24/2012 03,.020,118316.479000,7060.800,141.20,7060.800
07/23/2012 24,07/24/2012 04,.000,108675.315000,6930.500,.00,6930.500
07/24/2012 01,07/24/2012 05,.000,100025.573000,7524.300,.00,7524.300
07/24/2012 02,07/24/2012 06,.000,94159.291000,7551.300,.00,7551.300
07/24/2012 03,07/24/2012 07,.000,90249.582000,7551.300,.00,7551.300
07/24/2012 04,07/24/2012 08,.000,87878.679000,7491.400,.00,7491.400
07/24/2012 05,07/24/2012 09,.000,87811.169000,7488.300,.00,7488.300
07/24/2012 06,07/24/2012 10,.000,90639.524000,7728.300,.00,7728.300
07/24/2012 07,07/24/2012 11,.000,95647.479000,8885.300,.00,8885.300
07/24/2012 08,07/24/2012 12,.000,102195.535000,8930.700,.00,8930.700
07/24/2012 09,07/24/2012 13,.010,108737.850000,9006.100,90.07,9006.100
07/24/2012 10,07/24/2012 14,.020,114902.782000,8983.200,179.67,8983.200
07/24/2012 11,07/24/2012 15,.020,121056.283000,8936.400,178.72,8936.400
07/24/2012 12,07/24/2012 16,.100,125677.670000,8627.300,862.73,8627.300
07/24/2012 13,07/24/2012 17,.500,128469.776000,8857.600,4428.80,8857.600
07/24/2012 14,07/24/2012 18,1.000,130763.188000,8772.201,8772.20,8772.201
07/24/2012 15,07/24/2012 19,4.000,132173.475000,8745.299,34981.20,8745.299
07/24/2012 16,07/24/2012 20,5.000,132877.234000,8742.599,43713.00,8742.599
07/24/2012 17,07/24/2012 21,5.000,133156.589000,8727.199,43636.01,8727.199
07/24/2012 18,07/24/2012 22,4.960,131889.997000,8748.299,43391.60,8748.299
07/24/2012 19,07/24/2012 23,.800,128719.962000,8624.900,6899.92,8624.900
07/24/2012 20,07/25/2012 00,.250,124419.731000,8808.300,2202.18,8808.300
07/24/2012 21,07/25/2012 01,.050,120274.633000,8368.100,418.58,8368.100
07/24/2012 22,07/25/2012 02,.020,117299.821000,8382.200,167.65,8382.200
07/24/2012 23,07/25/2012 03,.020,109315.943000,6998.500,139.98,6998.500
07/24/2012 24,07/25/2012 04,.000,99399.354000,6984.300,.00,6984.300
07/25/2012 01,07/25/2012 05,.000,90613.433000,6768.900,.00,6768.900
07/25/2012 02,07/25/2012 06,.000,84341.762000,6708.900,.00,6708.900
07/25/2012 03,07/25/2012 07,.000,80173.201000,6675.000,.00,6675.000
07/25/2012 04,07/25/2012 08,.000,77444.023000,6619.000,.00,6619.000
07/25/2012 05,07/25/2012 09,.000,76917.385000,6618.900,.00,6618.900
07/25/2012 06,07/25/2012 10,.000,79091.425000,6708.700,.00,6708.700
07/25/2012 07,07/25/2012 11,.000,83159.013000,8155.100,.00,8155.100
07/25/2012 08,07/25/2012 12,.000,89310.309000,7831.300,.00,7831.300
07/25/2012 09,07/25/2012 13,.000,95545.779000,8158.700,.00,8158.700
07/25/2012 10,07/25/2012 14,.000,101348.694000,8089.300,.00,8089.300
07/25/2012 11,07/25/2012 15,.020,107225.428000,8014.600,160.30,8014.600
07/25/2012 12,07/25/2012 16,.020,112551.496000,8122.800,162.45,8122.800
07/25/2012 13,07/25/2012 17,.040,117191.551000,8136.100,325.46,8136.100
07/25/2012 14,07/25/2012 18,.480,122478.750000,8087.000,3881.76,8087.000
07/25/2012 15,07/25/2012 19,1.000,126946.584000,7957.999,7958.00,7957.999
07/25/2012 16,07/25/2012 20,4.980,130855.310000,8097.200,40324.04,8097.200
07/25/2012 17,07/25/2012 21,5.000,134226.946000,8129.100,40645.50,8129.100
07/25/2012 18,07/25/2012 22,5.000,135521.009000,8126.700,40633.50,8126.700
07/25/2012 19,07/25/2012 23,1.000,133760.586000,7996.900,7996.90,7996.900
07/25/2012 20,07/26/2012 00,.250,129381.919000,8034.300,2008.72,8034.300
07/25/2012 21,07/26/2012 01,.100,125107.775000,8032.400,803.24,8032.400
07/25/2012 22,07/26/2012 02,.020,122031.010000,8054.900,161.11,8054.900
07/25/2012 23,07/26/2012 03,.010,114150.673000,6200.800,62.08,6200.800
07/25/2012 24,07/26/2012 04,.000,104688.367000,6256.500,.00,6256.500
07/26/2012 01,07/26/2012 05,.000,96592.008000,7001.500,.00,7001.500
07/26/2012 02,07/26/2012 06,.000,90863.687000,6832.300,.00,6832.300
07/26/2012 03,07/26/2012 07,.000,87313.834000,6890.300,.00,6890.300
07/26/2012 04,07/26/2012 08,.000,85139.734000,6890.300,.00,6890.300
07/26/2012 05,07/26/2012 09,.000,84582.249000,6500.300,.00,6500.300
07/26/2012 06,07/26/2012 10,.000,87117.044000,6890.300,.00,6890.300
07/26/2012 07,07/26/2012 11,.000,91988.551000,8052.300,.00,8052.300
07/26/2012 08,07/26/2012 12,.000,98626.614000,8187.400,.00,8187.400
07/26/2012 09,07/26/2012 13,.000,105545.494000,8105.900,.00,8105.900
07/26/2012 10,07/26/2012 14,.020,111888.800000,8200.000,164.00,8200.000
07/26/2012 11,07/26/2012 15,.040,117982.560000,8255.100,330.23,8255.100
07/26/2012 12,07/26/2012 16,.100,124205.742000,8250.500,825.05,8250.500
07/26/2012 13,07/26/2012 17,5.000,129451.002000,8386.800,41934.00,8386.800
07/26/2012 14,07/26/2012 18,12.000,135139.436000,8474.200,101690.41,8474.200
07/26/2012 15,07/26/2012 19,45.540,139380.860000,8526.300,388287.79,8526.300
07/26/2012 16,07/26/2012 20,66.840,141988.080000,8564.800,572471.30,8564.800
07/26/2012 17,07/26/2012 21,71.530,142493.337000,8545.800,611281.27,8545.800
07/26/2012 18,07/26/2012 22,50.490,141581.255000,8425.200,425388.50,8425.200
07/26/2012 19,07/26/2012 23,12.000,138144.977000,8380.500,100566.01,8380.500
07/26/2012 20,07/27/2012 00,5.000,132036.714000,8052.899,40264.51,8052.899
07/26/2012 21,07/27/2012 01,3.420,126684.617000,8098.900,27698.29,8098.900
07/26/2012 22,07/27/2012 02,1.000,122377.243000,7593.700,7593.69,7593.700
07/26/2012 23,07/27/2012 03,.020,113791.164000,6465.100,129.31,6465.100
07/26/2012 24,07/27/2012 04,.000,103994.937000,6132.000,.00,6132.000
07/27/2012 01,07/27/2012 05,.000,95822.655000,7430.600,.00,7430.600
07/27/2012 02,07/27/2012 06,.000,89806.666000,7676.200,.00,7676.200
07/27/2012 03,07/27/2012 07,.000,85806.572000,7611.100,.00,7611.100
07/27/2012 04,07/27/2012 08,.000,83355.224000,7609.300,.00,7609.300
07/27/2012 05,07/27/2012 09,.000,83037.817000,7977.100,.00,7977.100
07/27/2012 06,07/27/2012 10,.000,85716.004000,7586.200,.00,7586.200
07/27/2012 07,07/27/2012 11,.000,90417.800000,8748.100,.00,8748.100
07/27/2012 08,07/27/2012 12,.000,96445.714000,8954.800,.00,8954.800
07/27/2012 09,07/27/2012 13,.000,103334.808000,8748.700,.00,8748.700
07/27/2012 10,07/27/2012 14,.020,110309.252000,8539.800,170.80,8539.800
07/27/2012 11,07/27/2012 15,.050,116976.389000,8540.100,427.14,8540.100
07/27/2012 12,07/27/2012 16,.100,122993.668000,8955.000,895.50,8955.000
07/27/2012 13,07/27/2012 17,.250,127728.027000,8962.700,2240.77,8962.700
07/27/2012 14,07/27/2012 18,1.000,131245.702000,8867.998,8868.01,8867.998
07/27/2012 15,07/27/2012 19,1.000,133253.857000,8944.101,8944.10,8944.101
07/27/2012 16,07/27/2012 20,1.000,134702.954000,8748.199,8748.19,8748.199
07/27/2012 17,07/27/2012 21,1.000,135124.724000,8928.300,8928.30,8928.300
07/27/2012 18,07/27/2012 22,.750,133172.251000,8439.900,6330.04,8439.900
07/27/2012 19,07/27/2012 23,.100,128613.350000,8339.000,833.90,8339.000
07/27/2012 20,07/28/2012 00,.050,122764.679000,8187.700,409.52,8187.700
07/27/2012 21,07/28/2012 01,.020,118069.315000,7969.600,159.40,7969.600
07/27/2012 22,07/28/2012 02,.020,114913.922000,7967.500,159.38,7967.500
07/27/2012 23,07/28/2012 03,.000,107725.351000,6995.200,.00,6995.200
07/27/2012 24,07/28/2012 04,.000,98637.506000,6924.800,.00,6924.800
07/28/2012 01,07/28/2012 05,.000,91023.875000,5453.400,.00,5453.400
07/28/2012 02,07/28/2012 06,.000,84958.791000,6184.700,.00,6184.700
07/28/2012 03,07/28/2012 07,.000,80791.137000,6062.000,.00,6062.000
07/28/2012 04,07/28/2012 08,.000,78066.505000,5987.000,.00,5987.000
07/28/2012 05,07/28/2012 09,.000,76693.760000,5924.000,.00,5924.000
07/28/2012 06,07/28/2012 10,.000,76836.640000,5924.000,.00,5924.000
07/28/2012 07,07/28/2012 11,.000,77559.599000,5921.000,.00,5921.000
07/28/2012 08,07/28/2012 12,.000,81369.081000,5941.900,.00,5941.900
07/28/2012 09,07/28/2012 13,.000,88288.541000,5942.100,.00,5942.100
07/28/2012 10,07/28/2012 14,.000,95640.668000,5961.000,.00,5961.000
07/28/2012 11,07/28/2012 15,.000,102300.437000,5674.900,.00,5674.900
07/28/2012 12,07/28/2012 16,.020,107611.027000,5877.900,117.55,5877.900
07/28/2012 13,07/28/2012 17,.050,110898.599000,5788.300,289.54,5788.300
07/28/2012 14,07/28/2012 18,.080,113132.169000,5867.700,469.44,5867.700
07/28/2012 15,07/28/2012 19,.100,114636.712000,5854.500,585.45,5854.500
07/28/2012 16,07/28/2012 20,.100,115607.112000,5862.900,586.29,5862.900
07/28/2012 17,07/28/2012 21,.250,116075.821000,5863.001,1465.87,5863.001
07/28/2012 18,07/28/2012 22,.110,115548.411000,5893.000,648.23,5893.000
07/28/2012 19,07/28/2012 23,.050,113069.038000,5878.500,294.06,5878.500
07/28/2012 20,07/29/2012 00,.010,109214.676000,5803.700,58.05,5803.700
07/28/2012 21,07/29/2012 01,.010,105829.512000,5657.500,56.59,5657.500
07/28/2012 22,07/29/2012 02,.000,103029.796000,5771.200,.00,5771.200
07/28/2012 23,07/29/2012 03,.000,96659.637000,5886.000,.00,5886.000
07/28/2012 24,07/29/2012 04,.000,89447.339000,5673.000,.00,5673.000
07/29/2012 01,07/29/2012 05,.000,82765.395000,5987.400,.00,5987.400
07/29/2012 02,07/29/2012 06,.000,77385.026000,5945.900,.00,5945.900
07/29/2012 03,07/29/2012 07,.000,73543.221000,6262.500,.00,6262.500
07/29/2012 04,07/29/2012 08,.000,71179.818000,6684.000,.00,6684.000
07/29/2012 05,07/29/2012 09,.000,69565.392000,6383.600,.00,6383.600
07/29/2012 06,07/29/2012 10,.000,69214.854000,6309.000,.00,6309.000
07/29/2012 07,07/29/2012 11,.000,68861.491000,6383.600,.00,6383.600
07/29/2012 08,07/29/2012 12,.000,71547.426000,6383.600,.00,6383.600
07/29/2012 09,07/29/2012 13,.000,78214.729000,6293.600,.00,6293.600
07/29/2012 10,07/29/2012 14,.000,85156.859000,6104.600,.00,6104.600
07/29/2012 11,07/29/2012 15,.000,91654.856000,6329.600,.00,6329.600
07/29/2012 12,07/29/2012 16,.000,97036.783000,6272.500,.00,6272.500
07/29/2012 13,07/29/2012 17,.010,101733.970000,6038.600,60.43,6038.600
07/29/2012 14,07/29/2012 18,.020,105068.326000,6200.400,124.01,6200.400
07/29/2012 15,07/29/2012 19,.050,108101.610000,6189.700,309.67,6189.700
07/29/2012 16,07/29/2012 20,.100,110399.765000,6426.800,642.68,6426.800
07/29/2012 17,07/29/2012 21,.250,112372.393000,6428.000,1607.14,6428.000
07/29/2012 18,07/29/2012 22,.250,113047.467000,6429.100,1607.44,6429.100
07/29/2012 19,07/29/2012 23,.110,111996.617000,6418.300,706.06,6418.300
07/29/2012 20,07/30/2012 00,.020,109112.154000,6371.100,127.44,6371.100
07/29/2012 21,07/30/2012 01,.020,106500.177000,6318.700,126.38,6318.700
07/29/2012 22,07/30/2012 02,.020,105105.371000,6312.700,126.26,6312.700
07/29/2012 23,07/30/2012 03,.000,99025.372000,6120.600,.00,6120.600
07/29/2012 24,07/30/2012 04,.000,91368.174000,6310.200,.00,6310.200
07/30/2012 01,07/30/2012 05,.000,84224.407000,6278.700,.00,6278.700
07/30/2012 02,07/30/2012 06,.000,79295.425000,6278.700,.00,6278.700
07/30/2012 03,07/30/2012 07,.000,76228.273000,6278.700,.00,6278.700
07/30/2012 04,07/30/2012 08,.000,74592.467000,6278.700,.00,6278.700
07/30/2012 05,07/30/2012 09,.000,74948.633000,6278.700,.00,6278.700
07/30/2012 06,07/30/2012 10,.000,78216.500000,6278.700,.00,6278.700
07/30/2012 07,07/30/2012 11,.000,83233.147000,7194.700,.00,7194.700
07/30/2012 08,07/30/2012 12,.000,89630.059000,7292.700,.00,7292.700
07/30/2012 09,07/30/2012 13,.000,96841.951000,7326.300,.00,7326.300
07/30/2012 10,07/30/2012 14,.000,103839.918000,7128.900,.00,7128.900
07/30/2012 11,07/30/2012 15,.020,110942.938000,7381.000,147.62,7381.000
07/30/2012 12,07/30/2012 16,.020,116976.414000,7520.000,150.40,7520.000
07/30/2012 13,07/30/2012 17,.080,122168.326000,7287.000,582.96,7287.000
07/30/2012 14,07/30/2012 18,.100,126318.540000,7558.700,755.87,7558.700
07/30/2012 15,07/30/2012 19,.250,129491.700000,7703.600,1926.04,7703.600
07/30/2012 16,07/30/2012 20,.750,131293.750000,7720.700,5790.64,7720.700
07/30/2012 17,07/30/2012 21,.500,132190.305000,7643.700,3821.85,7643.700
07/30/2012 18,07/30/2012 22,.250,131901.268000,7618.600,1904.79,7618.600
07/30/2012 19,07/30/2012 23,.050,128832.452000,7528.600,376.55,7528.600
07/30/2012 20,07/31/2012 00,.020,124359.757000,7393.800,147.87,7393.800
07/30/2012 21,07/31/2012 01,.010,120779.910000,7095.500,71.01,7095.500
07/30/2012 22,07/31/2012 02,.010,117648.444000,6853.700,68.59,6853.700
07/30/2012 23,07/31/2012 03,.000,109510.535000,5783.800,.00,5783.800
07/30/2012 24,07/31/2012 04,.000,99685.246000,5594.700,.00,5594.700
07/31/2012 01,07/31/2012 05,.000,91668.839000,6939.000,.00,6939.000
07/31/2012 02,07/31/2012 06,.000,85559.926000,7364.200,.00,7364.200
07/31/2012 03,07/31/2012 07,.000,81595.623000,7365.300,.00,7365.300
07/31/2012 04,07/31/2012 08,.000,79201.816000,7366.500,.00,7366.500
07/31/2012 05,07/31/2012 09,.000,78918.998000,7368.700,.00,7368.700
07/31/2012 06,07/31/2012 10,.000,81593.856000,7580.400,.00,7580.400
07/31/2012 07,07/31/2012 11,.000,86461.757000,8286.900,.00,8286.900
07/31/2012 08,07/31/2012 12,.000,92016.751000,8411.500,.00,8411.500
07/31/2012 09,07/31/2012 13,.000,98302.459000,8411.700,.00,8411.700
07/31/2012 10,07/31/2012 14,.010,104720.000000,8362.000,83.75,8362.000
07/31/2012 11,07/31/2012 15,.020,111052.638000,8289.100,165.76,8289.100
07/31/2012 12,07/31/2012 16,.020,116593.424000,8336.500,166.72,8336.500
07/31/2012 13,07/31/2012 17,.100,121210.880000,8322.200,832.22,8322.200
07/31/2012 14,07/31/2012 18,.100,125414.858000,8251.100,825.11,8251.100
07/31/2012 15,07/31/2012 19,.490,128494.418000,8292.800,4063.52,8292.800
07/31/2012 16,07/31/2012 20,.750,130013.429000,8206.900,6155.27,8206.900
07/31/2012 17,07/31/2012 21,.980,130585.754000,8263.000,8097.77,8263.000
07/31/2012 18,07/31/2012 22,.500,129864.062000,8189.300,4094.65,8189.300
07/31/2012 19,07/31/2012 23,.250,126891.642000,8023.900,2006.12,8023.900
07/31/2012 20,08/01/2012 00,.050,122372.464000,7750.100,387.65,7750.100
07/31/2012 21,08/01/2012 01,.020,118799.925000,7541.600,150.83,7541.600
07/31/2012 22,08/01/2012 02,.010,115154.872000,7524.900,75.33,7524.900
07/31/2012 23,08/01/2012 03,.000,107083.336000,6690.700,.00,6690.700
07/31/2012 24,08/01/2012 04,.000,97529.735000,6719.200,.00,6719.200
End of Report
